[?1h=(B[m                                                                                
                                                                                
          [38;2;250;211;144m▄[38;2;255;224;151m▄[38;2;255;217;141m▄[38;2;255;209;126m▄[38;2;255;202;111m▄[38;2;255;197;97m▄[38;2;255;195;85m▄[38;2;255;193;75m▄[38;2;248;185;69m▖[39m                                                             
        [38;2;244;207;115m▄[38;2;255;223;143m[48;2;252;206;118m▀[38;2;254;206;118m[48;2;253;208;136m▄[38;2;252;203;122m[48;2;247;189;102m▛[38;2;221;161;79m[48;2;255;195;109m▄[38;2;221;153;62m[48;2;255;184;87m▄[38;2;220;149;49m[48;2;255;178;68m▄[38;2;255;179;56m[48;2;220;152;41m▀[38;2;220;156;35m[48;2;255;184;49m▄[38;2;255;186;42m[48;2;219;159;32m▀[38;2;255;211;48m[49m▘[39m                   [38;2;212;224;229m▗[39m                     [38;2;211;224;230m▗[39m                   
       [38;2;255;218;79m▗[38;2;251;205;85m[48;2;255;222;102m▟[38;2;254;205;100m[48;2;252;205;84m▀[38;2;255;210;102m[49m▘[39m                           [38;2;229;242;247m[48;2;239;252;254m▄[39m[49m                     [38;2;238;251;255m[48;2;225;238;243m▀[39m[49m                   
       [38;2;255;218;73m▐[38;2;250;206;74m[48;2;250;209;76m▜[38;2;241;197;70m[48;2;254;211;77m▌[39m[49m                  [38;2;228;242;247m▄[38;2;229;242;246m▛[38;2;242;252;255m▀[38;2;226;239;244m▀[38;2;242;253;255m▀[38;2;229;242;246m▜[38;2;228;241;246m▄[39m   [38;2;230;244;249m[48;2;230;243;248m▌[39m[49m   [38;2;225;239;244m▄[38;2;234;248;251m[48;2;194;205;210m▞[38;2;249;255;255m[49m▀[38;2;247;255;255m▀[38;2;243;254;255m▀[38;2;220;233;236m▙[38;2;214;227;232m▟[38;2;237;249;252m▌[39m  [38;2;220;233;238m▄[38;2;228;240;243m▛[38;2;248;255;255m▀▀[38;2;235;247;250m[48;2;192;203;208m▚[38;2;244;255;255m[49m▖[39m  [38;2;226;239;244m[48;2;214;227;232m▙[38;2;240;251;254m[49m▀[38;2;248;255;255m▀[38;2;210;219;223m▘[39m [38;2;243;255;255m▝[38;2;231;244;250m▙[38;2;199;209;213m▖[39m  [38;2;230;243;249m▟[38;2;232;245;248m▀[39m        
       [38;2;255;224;87m▐[38;2;245;208;81m[48;2;250;213;86m▐[38;2;233;196;71m[48;2;246;207;76m▌[39m[49m  [38;2;62;243;231m▗[38;2;70;225;215m[48;2;63;241;226m▄[38;2;71;222;217m[48;2;70;243;230m▄[38;2;68;222;220m[48;2;58;189;187m▙[38;2;62;195;201m[49m▄[39m [38;2;68;202;221m▄[38;2;71;202;223m[48;2;76;219;239m▙[38;2;80;220;245m[48;2;77;200;230m▀[38;2;75;204;237m[48;2;68;188;216m▙[38;2;76;193;229m[49m▖[39m    [38;2;228;241;246m▐[38;2;219;232;237m▛[39m     [38;2;218;230;235m▜[38;2;226;239;244m▌[39m  [38;2;230;244;249m[48;2;230;243;248m▌[39m[49m  [38;2;227;241;246m▐[38;2;222;235;240m▛[39m     [38;2;223;237;242m▜[38;2;231;245;250m▌[39m  [38;2;234;247;253m[48;2;214;228;233m▚[38;2;218;231;236m[49m▖[39m      [38;2;224;237;242m[48;2;233;247;252m▌[39m[49m     [38;2;229;242;248m▝[38;2;226;239;245m[48;2;220;233;238m▚[38;2;217;231;236m[49m▄[38;2;227;240;245m▟[38;2;231;244;249m▘[39m         
       [38;2;255;225;96m▐[38;2;244;208;86m[48;2;250;214;93m▐[38;2;242;206;78m[48;2;231;195;74m▐[39m[49m  [38;2;63;239;233m▝[38;2;73;225;225m[48;2;58;214;216m▜[38;2;77;227;236m[48;2;75;219;221m▄[38;2;73;214;223m[49m▛[38;2;71;211;224m▘[39m [38;2;63;185;209m▀[38;2;74;198;234m[48;2;63;177;209m▜[38;2;78;203;248m[48;2;75;195;233m▄[38;2;75;197;240m[48;2;69;173;213m▛[38;2;73;178;215m[49m▘[39m    [38;2;214;227;232m▜[38;2;221;234;239m▛[38;2;250;255;255m▀[38;2;247;255;255m▀▀▀[38;2;249;255;255m▀[38;2;234;248;253m▀[38;2;221;233;235m▀[39m  [38;2;230;244;249m[48;2;230;243;248m▌[39m[49m  [38;2;217;230;236m[48;2;211;224;228m▜[38;2;224;237;241m[49m▌[39m     [38;2;230;244;249m▐[38;2;229;243;248m▌[39m   [38;2;229;242;245m▀[38;2;240;250;253m▀[38;2;206;218;223m▙[38;2;239;250;253m▄[38;2;202;213;217m▖[39m  [38;2;224;237;242m[48;2;232;246;251m▌[39m[49m      [38;2;215;228;233m▐[48;2;227;241;246m▀[38;2;222;235;240m[49m▌[39m          
       [38;2;255;216;100m▐[38;2;250;206;97m[48;2;245;203;90m▌[38;2;233;193;79m[48;2;245;204;82m▌[39m[49m                 [38;2;237;251;255m▝[38;2;227;240;245m[48;2;202;213;218m▙[38;2;228;242;247m[49m▖[39m        [38;2;230;244;249m[48;2;229;241;246m▛[39m[49m  [38;2;218;232;237m▐[38;2;227;240;245m▙[39m    [38;2;209;222;227m▗[38;2;212;225;230m[48;2;233;247;252m▜[38;2;231;245;250m[49m▌[39m  [38;2;210;222;226m▗[39m   [38;2;216;229;234m▐[38;2;214;226;231m[48;2;226;239;243m▞[39m[49m  [38;2;225;238;243m[48;2;233;247;252m▙[39m[49m     [38;2;219;232;237m▄[38;2;233;247;252m▛[39m [38;2;228;242;247m▜[38;2;222;234;239m▙[39m         
       [38;2;255;197;104m▝[38;2;249;192;105m[48;2;234;176;101m▛[38;2;242;191;88m[48;2;241;183;97m▀[38;2;227;177;80m[49m▙[39m                  [38;2;237;248;250m▀[38;2;217;229;234m▜[38;2;200;212;217m[48;2;192;203;208m▄[38;2;190;202;206m[48;2;200;212;217m▀[38;2;201;213;217m[48;2;189;200;205m▟[39m[49m    [38;2;237;251;255m[48;2;203;215;220m▀[39m[49m   [38;2;227;241;247m▝[38;2;224;236;239m▜[38;2;217;230;233m▙[38;2;243;255;255m▄[38;2;210;223;228m▟[38;2;232;240;243m▀[38;2;213;226;231m▐[38;2;221;234;237m▌[39m  [38;2;236;250;255m▀[38;2;191;202;207m[48;2;226;240;245m▞[38;2;243;255;255m[49m▄[38;2;238;250;253m▄[38;2;220;233;238m▛[38;2;239;253;255m▘[39m  [38;2;233;247;252m▀[38;2;225;238;243m[48;2;185;196;200m▚[38;2;233;247;251m[49m▄[38;2;191;199;202m▖[39m [38;2;212;225;230m▟[38;2;213;226;230m▛[39m   [38;2;217;230;235m▀[38;2;213;226;230m▙[39m        
        [38;2;244;179;115m▝[38;2;236;172;106m[48;2;219;158;106m▜[38;2;240;174;98m[48;2;245;183;88m▙[38;2;241;173;82m[48;2;251;190;80m▄[38;2;246;180;68m[48;2;233;177;58m▄[38;2;236;182;48m[48;2;248;186;60m▀[38;2;240;188;47m[48;2;251;195;62m▀[38;2;243;192;55m[48;2;252;201;71m▀[38;2;243;193;67m[48;2;253;205;83m▀[38;2;242;193;76m[48;2;251;205;90m▀[38;2;255;239;110m[49m▖[39m                                                             
          [38;2;217;153;93m▀[38;2;255;181;94m▀[38;2;255;190;86m▀[38;2;255;199;86m▀[38;2;255;210;93m▀[38;2;255;221;103m▀[38;2;255;227;112m▀[38;2;255;229;116m▀[38;2;234;199;106m▘[39m                                                             
                                                                                
                                                                                
[39;49m(B[m]104